seed.Type = 'twister'
seed.Seed = 0
seed.State =  

   2902078869
   3312792298
   2193463676
   2300492642
   1191479341
   1559003464
    497538674
   1115451726
    716504350
    582804930
   2554396187
   4127893233
   1050024774
   2268587856
   4242300962
   2172573892
    183418107
   4153198192
    358202721
   1113872274
   1727008868
    443457383
   2358536272
   2202337114
   1393845178
   2994864837
   2559206314
   2168120143
   1807100765
   3959584424
   1134222581
   2900874049
   2568227046
   2818711760
    771394195
   2142474695
   1829697922
   3766433023
   3996433693
   3694674394
    645088191
   2770979667
   1209070023
   3989809247
    252058643
   2079620727
    701927426
   3482911456
   1829351773
    199837564
   3129262243
   1267667934
   1290687618
   2250520948
   4235144273
   2190805438
   1021883525
   3897303567
   1732180339
   3757940902
    839844614
   2533121633
   1769329345
   2271340526
   2460856054
   1665596299
    374231275
   2107602046
   2712764059
    222434273
   2980630619
   2136622865
     28968418
   1776975816
   2435431163
   3341494842
    565732795
   3614788016
    916047776
    600735788
   3960825465
    293490294
   1486596081
   4291973986
    308090326
   2720179805
   2618978897
   3830210105
   4082526598
   3915136670
    119947069
   2474489165
    999522811
   3215699004
    666696732
   1979706227
   2922663852
   2473300211
    488391374
   2115719545
   2752425684
   2019320721
   3993917425
   3239848425
   3209038271
   3321457638
   3177179831
   1430785340
   2039038976
   1681010076
   3684810128
   1348068172
   2192872888
    208045318
   1703480761
   2196486761
   3461769084
    966367039
   2538891013
    695690574
   1365221754
   3771116043
   3170117795
   1169577558
   2366515174
    870344571
   1192323217
    180014537
   2401183419
   1314106370
   4078536907
    560224391
   1929122932
    828939610
   2056772125
   3428017240
   2187465226
   2408828403
   3422301155
    430550288
   1247687860
    454066690
   2308481639
   1452043898
   1890981408
    705061211
     73518999
   4287143056
   2466643374
   1053811478
     66051878
   2864534853
   1880251116
   4125363188
   1042599061
   4184990648
    221623454
   4144160868
   1291996385
   3741303595
   2222895932
   1208394779
   2172782662
   2480128388
    690169581
   1450996047
   1261422761
   1866943491
   1300842274
   1513997579
   2753528649
   2074304918
   4022547519
   2634799449
   3029340531
   2071140679
   2265281254
   4074300936
   1872621066
   1993839476
   2148358282
   3117066049
    889678356
    640913289
    249079395
   3904388854
    956458616
   3206700598
   1132473370
   1946302581
   2369439756
   2611755562
   3093510664
    901304829
   1163746643
   3324098574
   3939832445
   3156249903
   1680357525
   1794186427
   2528101287
   1275013044
    318250407
   3422098343
   3570193916
   2555086294
   1119815719
   3518119248
   2542424670
     71115935
   3992989033
   3608230615
   1249688370
   2484053394
    648131555
   2738753999
    963184127
    628493016
   3083098576
   3662164837
   1013749250
   4102475851
    380841072
   2190575588
   2245920191
   1139304178
    989408633
    329867965
   1526456815
   3696576973
   3865950656
   2223531258
    646293036
     91056836
   2953192902
   3200192981
   1660907599
   3450666692
   3720964720
    186272480
    513094523
   3918030350
    355207680
   1023348912
   3406552492
    734366029
   3050881229
   1840291178
    557260585
   1664399046
   3838862020
   4049209555
    618062351
   1060524626
    939222111
   4070704583
     67513120
    325445900
   1827938803
     47893921
   1703867763
   4080246246
   2486178554
   2345554663
   1420855321
   4014222758
   2957068109
    939984755
   1084104813
   2241946198
   3349813355
   1588219049
   2946108980
   3816589478
   1281349944
   3772475857
    297340079
   2711857586
   3260646292
   1646959414
   4185281659
   3000850059
   2056544806
    307238079
   3043284079
   1210521707
   2038095102
    456937094
   2261858491
   1211295626
     93145177
   3789144974
   3003639093
   1274889474
    220108936
   2115621305
   1002857887
   1382673732
   1167263706
   3234465960
   1031893375
   1452767783
    519389672
   1356525027
   3580774866
   1730734963
   4084438318
   3898312132
   2658413408
   1726693961
   2166359971
   3115792801
   2447217958
   1836727559
   4161005486
    238994974
   2092392099
   2015386465
   1434725496
   3880396170
   3114752823
   1903630977
    292963055
   2200339316
   1286499520
   2075879295
   2507563238
    188505253
   1547819654
     19869809
   2021264018
   1962633057
    521600676
   2124254963
   3660554284
   1296159446
   3798162703
   3981810131
   1721945994
   4151962933
   3962636851
   4204010314
   1766683750
   2174381536
   1584538303
    477677874
    395719619
   3608483598
   3150568685
   1915254938
   1031755662
   1676950500
    461166983
   2605117227
   2616129338
   3140138084
   1030813646
   4191785393
   4067315074
   4122634797
   3115317009
   3092007842
   1638793422
   1730790886
    458032442
   1448313502
   3669559071
   3755444776
   2756584631
     75184421
   3122490354
    212817852
   2189645649
   1054621723
    955276889
   2759478480
   1157041803
   1962495621
   2875460734
   3902393885
     82440838
    918957460
   2892785126
   1021683672
   1868165282
   3544403383
   1694874848
   4030467229
   3777655567
   4227714534
   2428499278
   1507254985
   3367795130
   3054119087
   1613704546
   2156339693
   4246862777
   3429977431
   4140210287
   4032126880
   3746689716
    900641784
   1428378664
     80097346
   2006963551
   3603571295
   2161749896
   3477154465
    480435788
    682047164
    696113022
    856257500
   3851487181
   3630667527
   1362789386
   1164035651
   1629909702
   2520838721
   2220062193
   3896840498
   1390177986
   3552802176
   2134963182
   4157433620
   3015826977
    383007293
   2120513257
   1894754973
   3127628463
      9390514
   2329341699
   3352081143
   3436172972
   3756861473
   3406909727
   2532738605
   1440204891
   2150705098
   4200141505
   1877576502
   1806169093
   1985176858
   2060293423
   1368134811
   2489447437
    563182385
   1214173535
   1661639293
   3666044244
   2655643593
   3325797513
    777790997
   2724536341
   2286175157
   2607510503
   3452363516
   2014073923
   1104996026
   3130037155
    611067559
   2072257853
   2060762277
   3092097088
   2217733972
   1195045593
   2919640806
    801047422
   2836172922
   1502968533
   2954413011
   4179551568
     90202058
   3757931399
    872060090
    140235772
   3346096203
   2107273546
   3201121812
   3616187415
   3032739966
   1406675809
   1996817374
   3930753106
   2604648255
   2401936707
   1424435614
   2237072945
   3264756588
   3766418835
   3347437735
   3415081857
   4165467833
   1753799180
   1129839792
   3995634846
    603299681
    815720472
    252989897
   3955597748
   3705542898
   4211122617
   2568010938
   3630686936
   4050797183
   1391882092
   3763608139
   2172457783
   1417441887
    179872107
   1717906921
   1272601218
    453783375
   1347249043
     79350007
    229421026
   1592936049
   3046989684
   1583457071
   2434256745
   1937402284
   3843861742
   2840614453
   4074883135
   1150995434
   1399922146
   1089972945
   1062728988
    515433908
   2628272474
   1257977965
   1013494913
   2325246948
   3726965858
   4087338568
   2754337637
   3404312321
   1798349165
   1643432920
   1579595609
   2911639022
   2484667677
   3235295698
   3483190983
   3461536012
   1513536614
   1909905170
     76185362
   2264675665
    305936865
   3230048026
   3275692478
   2855610931
   3948488560
    900360063
   1122763963
   1457484941
   3980832604
    940487408
   1461693967
   2654543297
   3913400153
   1576666487
   2121911045
   3464600779
   3471584494
   3745546219
    123038344
   4123740696
   3587945079
   2488130827
   1322000972
   2786464717
   3124154355
   2490261346
   1392599495
   2474024285
   3291816398
   3215555487
   2731912880
   1833331610
    349093628
   2895089281
   2111538787
   1641523112
   2943386157
    922369121
   2038180166
    923285057
   1491463978
   2903875492
   3640554152
    557641634
   3165931804
   1188918605
   2851685740
   2200569175
   3683958835
   1869549945
   1991317386
   1707530742
   1914370369
   3113868211
   1144598914
   3372162547
   3455331908
   2005452032
     89560095
   1731344735
   2120566917
   2770474822
   2753820538
   1325827864
   2418719277
     70934085
   3377720622
   4241995063
    620930779
   3261480626
   4196489369
   4006134749
   3622020717
   3536831359
   3476194569
   1918128556
          490